1.000000
0.549909
0.432691
0.384662
0.365188
0.359258
0.360982
0.368081
0.379767
0.395913
0.416726
0.442605
0.474076
0.511761
0.556365
0.608676
0.669571
0.740030
0.821153
0.914175
1.020493
1.141687
1.279546
1.436097
1.613635
1.814761
2.042418
2.299933
2.591073
2.920093
3.291803
3.711635
4.185726
4.721007
5.325301
6.007441
6.777398
7.646428
8.627232
9.734149
10.983358
12.393120
13.984043
15.779382
17.805381
20.091655
22.671626
25.583005
28.868351
32.575689
36.759211
41.480072
46.807279
52.818705
59.602224
67.256995
75.894914
85.642248
96.641483
109.053402
123.059439
138.864333
156.699116
176.824492
199.534650
225.161563
254.079839
286.712198
323.535655
365.088485
411.978100
464.889921
524.597403
591.973335
668.002606
753.796593
850.609416
959.856263
1083.134081
1222.244918
1379.222266
1556.360786
1756.249851
1981.811396
2236.342630
2523.564235
2847.674756
3213.411969
3626.122141
4091.838181
4617.367824
5210.393149
5879.582872
6634.719062
7486.840138
8448.402220
9533.461214
10757.878277
12139.551673
13698.678403
15458.049445
17443.382903
19683.699950
22211.749057
25064.484696
28283.607539
31916.174026
36015.284226
40640.858043
45860.511113
51750.543193
58397.053495
65897.199266
74360.616010
83911.020120
94688.017331
106849.143453
120572.167192
136057.688733
153532.072074
173250.753962
195501.977813
220611.007196
248944.880459
280917.776018
316997.066729
357710.151844
403652.166414
455494.680850
513995.517789
580009.829783
654502.599735
738562.746808
833419.044008
940458.080126
1061244.528588
1197544.019513
1351348.949314
1524907.605111
1720757.029711
1941760.107549
2191147.413705
2472564.437760
2790124.872767
3148470.748323
3552840.286755
4009144.474319
4524053.466710
5105094.091957
5760759.875963
6500635.199025
7335535.398225
8277664.863686
9340795.439700
10540467.738565
11894218.309879
13421835.986031
15145651.151054
17090862.161345
19285903.689770
21762862.377554
24557945.869841
27712012.091207
31271166.497941
35287436.037609
39819529.667701
44933696.550438
50704694.468667
57216882.618928
64565454.755894
72857830.714047
82215226.647532
92774426.941617
104689783.697188
118135473.016299
133308041.070674
150429277.171038
169749455.835181
191550995.246608
216152585.582319
243913847.556734
275240589.279336
310590738.269647
350481035.342437
395494588.212939
446289395.239022
503607963.898544
568288164.602711
641275478.504107
723636818.335227
816576124.307514
921451963.048382
1039797386.833667
1173342343.413461
1324038964.013308
1494090099.165275
1685981519.499499
1902518252.200399
2146865584.285984
2422595332.087312
2733738053.285327
3084841964.729299
3481039427.284764
3928121969.572074
4432624947.276282
5001923075.559825
5644338231.050077
6369261099.227891
7187288445.432241
8110378016.078804
9152023334.404867
10327450945.866903
11653842996.481256
13150588397.709883
14839566249.364986
16745465663.547152
18896146664.733948
21323047441.578270
24061643903.534935
27151968260.014664
30639194202.543079
34574297243.990753
39014799867.569908
44025612378.024376
49679981746.393089
56060562318.354416
63260624037.533478
71385415845.319138
80553704187.073456
90899509114.283951
102574063360.623428
115748023029.266830
130613962206.812759
147389187969.535339
166318916931.117554
187679859765.952332
211784266105.795715
238984488937.194733
269678135221.061981
304313878025.037476
343398015129.128357
387501869976.902710
437270143157.736023
493430336500.270081
556803387536.436035
628315669788.334717
709012534295.564209
800073590330.106445
902829948668.950806
1018783679482.875244
1149629769272.585205
1297280897813.943848
1463895397296.306396
1651908802354.583496
1864069452186.561035
2103478665179.512695
2373636073310.081543
2678490779005.871094
3022499082268.648438
3410689621901.735352
3848736883061.937988
4343044145653.452148
4900837086085.413086
5530269400643.267578
6240541994453.519531
7042037478320.314453
7946471939479.438477
8967066204821.726562
10118739100074.560547
11418325529962.261719
12884822567193.896484
14539667147553.974609
16407049430382.666016
18514266405081.117188
20892120912585.105469
23575371914616.433594
26603242592650.359375
30019993703879.640625
33875570575368.378906
38226333194015.937500
43135880064627.796875
48675977879071.945312
54927610586223.140625
61982163197771.929688
69942757634515.093750
78925760140239.406250
89062482298247.296875
100501100515616.203125
113408822033795.500000
127974329127815.156250
144410537222879.625000
162957707245898.031250
183886957707630.093750
207504227854303.656250
234154749821194.968750
264228095161142.687500
298163869517056.937500
336458138681909.625000
379670679980959.625000
428433164975345.500000
483458393100033.000000
545550711211435.562500
615617771355395.750000
694683798628031.625000
783904563076161.125000
884584274493300.125000
998194647075698.125000
1126396412621423.250000
1271063596747773.750000
1434310912991502.750000
1618524675232873.250000
1826397680314657.000000
2060968570762638.750000
2325666253003348.000000
2624360020374883.500000
2961416113618149.000000
3341761545637496.500000
3770956123507286.500000
4255273720526453.500000
4801793986338345.000000
5418505835714489.000000
6114424228778895.000000
6899721949740894.000000
7785878310449462.000000
8785846952485362.000000
9914245200685678.000000
11187567736029578.000000
12624427711309144.000000
14245828834161964.000000
16075472394716202.000000
18140103725911764.000000
20469903160979376.000000
23098927203009288.000000
26065606355530724.000000
29413306891281544.000000
33190964770982208.000000
37453800978601344.000000
42264128729728584.000000
47692264352651960.000000
53817555157201576.000000
60729539316524032.000000
68529254716687344.000000
77330715906596704.000000
87262580737954336.000000
98470031057845456.000000
111116894945506464.000000
125388041515672832.000000
141492083295222576.000000
159664425675871200.000000
180170708019157120.000000
203310686715043296.000000
229422616955844992.000000
258888197277304544.000000
292138149145042304.000000
329658513147569920.000000
371997753832249792.000000
419774777041152896.000000
473687976942492160.000000
534525445005176448.000000
603176490149061376.000000
680644638469956096.000000
768062302566548608.000000
866707334902290304.000000
978021707175694592.000000
1103632588750037120.000000
1245376132262372096.000000
1405324314104740352.000000
1585815222125909248.000000
1789487233292695552.000000
2019317580912523008.000000
2278665875184507648.000000
2571323213253056512.000000
2901567596644094976.000000
3274226466163988992.000000
3694747268382769152.000000
4169277085227193856.000000
4704752490691801088.000000
5309000948173858816.000000
5990855230636468224.000000
6760282536168985600.000000
7628530186328014848.000000
8608290037045734400.000000
9713884005428582400.000000
10961473424436842496.000000
12369295285746403328.000000
13957928824139687936.000000
15750596340298559488.000000
17773502659361581056.000000
20056218187377233920.000000
22632111165089280000.000000
25538835437646438400.000000
28818880870348210176.000000
32520194456284905472.000000
36696881195088723968.000000
41409994988089573376.000000
46728431111009509376.000000
52729933310168170496.000000
59502230243713286144.000000
67144317880127750144.000000
75767906599836614656.000000
85499054153331785728.000000
96480008346041925632.000000
108871286385915904000.000000
122854021289171927040.000000
138632609643462656000.000000
156437699432884666368.000000
176529561600210436096.000000
199201894631108280320.000000
224786117774938603520.000000
253656215659495784448.000000
286234205117225697280.000000
322996304135797932032.000000
364479893109415215104.000000
411291370148923572224.000000
464115015277941882880.000000
523722993089909686272.000000
590986640082725502976.000000
666889201666784624640.000000
752540205033242624000.000000
849191677981972365312.000000
958256450792529854464.000000
1081328808670908776448.000000
1220207796665074319360.000000
1376923517715478478848.000000
1553766808259760488448.000000
1753322725183187320832.000000
1978508333619815907328.000000
2232615347978264641536.000000
2519358249509363646464.000000
2842928583787858624512.000000
3208056231816982429696.000000
3620078550403623419904.000000
4085018392483099836416.000000
4609672147877740675072.000000
5201709091449994215424.000000
5869783490899831947264.000000
6623661112973916635136.000000
7474361977326901657600.000000
8434321444779824513024.000000
9517571994728871755776.000000
10739948348887237918720.000000
12119318939814502334464.000000
13675847107790279540736.000000
15432285844151438671872.000000
17414310389587092963328.000000
19650893549241148375040.000000
22174729210897192976384.000000
25022710257142770696192.000000
28236467857529457606656.000000
31862980023984574169088.000000
35955258325205738586112.000000
40573122798280238956544.000000
45784076385019494400000.000000
51664291675329209040896.000000
58299724381616032710656.000000
65787369820758046932992.000000
74236680770620451979264.000000
83771167427035251343360.000000
94530202849069561282560.000000
106671060284189850992640.000000
120371212154499900637184.000000
135830924310134889906176.000000
153276183472045102727168.000000
172962000656893718036480.000000
195176138872817287430144.000000
220243319576697828802560.000000
248529969382026570104832.000000
280449576403706591576064.000000
316468734537680556130304.000000
357113964029354360963072.000000
402979408032405477392384.000000
454735517664605978492928.000000
513138852516922413547520.000000
579043139877609903489024.000000
653411754332642460303360.000000
737331800166570555080704.000000
832030002417292323848192.000000
938890638876727939432448.000000
1059475775163500893044736.000000
1195548098659527478476800.000000
1349096685092052192460800.000000
1522366074411438177255424.000000
1717889080989593223823360.000000
1938523817751397850415104.000000
2187495475449860922015744.000000
2468443467805394437406720.000000
2785474631666629406097408.000000
3143223259861195648139264.000000
3546918844283654886129664.000000
4002462519474375276625920.000000
4516513324124996548689920.000000
5096585541462490198573056.000000
5751158541412425248276480.000000
6489800730190398112137216.000000
7323309419189859977789440.000000
8263868657739432594505728.000000
9325227336894758787219456.000000
10522900167747463001669632.000000
11874394472108650204758016.000000
13399466100743904543375360.000000
15120408220117131610554368.000000
17062377189065235107938304.000000
19253760288998235102511104.000000
21726590683025134336344064.000000
24517015669788160410255360.000000
27665825076838297541541888.000000
31219047517492089668501504.000000
35228623227123060445282304.000000
39753163314262813146349568.000000
44858806525079951887040512.000000
50620186045234019026599936.000000
57121520471604601489981440.000000
64457844901483705794560000.000000
72736400135026294780854272.000000
82078200298019490629681152.000000
92619801800139943639515136.000000
104515299486947909641961472.000000
117938579164935214338146304.000000
133085859426549719592075264.000000
150178559931043564348243968.000000
169466538069053159986167808.000000
191231741323771528928559104.000000
215792328718137457964482560.000000
243507321594462452234321920.000000
274781851710584523841339392.000000
310073083368080154485063680.000000
349896896140921203249381376.000000
394835425891255055261106176.000000
445545574305243252144472064.000000
502768611339506658828091392.000000
567341010944660234049683456.000000
640206678460192513113194496.000000
722430748418100183751983104.000000
815215154448576949048573952.000000
919916198885266560080936960.000000
1038064378898758398346526720.000000
1171386758972446692100538368.000000
1321832216756757996639354880.000000
1491599931340169560146837504.000000
1683171530372387452668084224.000000
1899347365959368065895366656.000000
2143287449603342557828349952.000000
2418557644565934091670650880.000000
2729181790884311955350224896.000000
3079700524992569472828047360.000000
3475237653760805346289385472.000000
3921575053193214706023661568.000000
4425237186638130527135072256.000000
4993586477978883796376748032.000000
5634930933950108591615639552.000000
6358645588779189896059289600.000000
7175309546404289205202059264.000000
8096860623522383541206777856.000000
9136769854005876804452089856.000000
10310238405555503722181689344.000000
11634419787074493812595228672.000000
13128670594943186778263126016.000000
14814833463548835867284996096.000000
16717556356180035207673413632.000000
18864652863610923999490473984.000000
21287508777141718994229657600.000000
24021540879292156245520154624.000000
27106714658650769646675820544.000000
30588128516723362112749961216.000000
34516673006589874298043760640.000000
38949774739977264851641696256.000000
43952235837020886394438942720.000000
49597181189608864073593651200.000000
55967127385199807611623440384.000000
63155188916410352033098366976.000000
71266439308483048152267489280.000000
80419447061300543507847446528.000000
90748008858013774638888255488.000000
102403105375951902555106181120.000000
115555108289434172049965711360.000000
130396270725971933108692320256.000000
147143537580810314998282715136.000000
166041716770377836908676907008.000000
187367057781339379332726915072.000000
211431289825707333851648360448.000000
238586178630886397390836727808.000000
269228668474821453280291323904.000000
303806684631403074640936960000.000000
342825681045020868612898947072.000000
386856028946750627873508294656.000000
436541354417365459893032583168.000000
492607946773860347886880948224.000000
555875375309243185642118053888.000000
627268469578795172231353729024.000000
707830838358025922534766018560.000000
798740124889521504443711881216.000000
901325221416575924417731756032.000000
1017085694641928573734285737984.000000
1147713706068749121318236979200.000000
1295118747650667062531503161344.000000
1461455554331210720929346748416.000000
1649155601492111689489640849408.000000
1860962647733342239518734942208.000000
2099972842541539253173650194432.000000
2369679985132019966182707691520.000000
2674026596048331825276256256000.000000
3017461548072898551908801708032.000000
3405005098884934192516141416448.000000
3842322276098909833706845765632.000000
4335805687410163853266977292288.000000
4892668966348411132896448872448.000000
5521052219608910619107355787264.000000
6230141017367540961059318792192.000000
7030300665954385357382034128896.000000
7933227725654685261361397628928.000000
8952120988491527638667359158272.000000
10101874415306410217928472395776.000000
11399294852450126963655336525824.000000
12863347710619361148254260559872.000000
14515434197118923985296721707008.000000
16379704154070834075837440983040.000000
18483409075571259659879937212416.000000
20857300464123672505707499880448.000000
23536079349436155324022908780544.000000
26558903540551229592536401051648.000000
29969960026209854096288417579008.000000
33819110890673999961455562063872.000000
38162622186865381689440723795968.000000
43063986421329744672986754973696.000000
48594850673933700793328730112000.000000
54836063919346673529022490607616.000000
61878858859826200712829806313472.000000
69826185545082267554971704623104.000000
78794216273786491342741437415424.000000
88914043775050465894962477137920.000000
100333597493521693802211055763456.000000
113219805989937457629140223000576.000000
127761037066639190925736442593280.000000
144169851287272686335371069358080.000000
162686109141029086453545658482688.000000
183580477271278949750701717192704.000000
207158385021890287063591280443392.000000
233764489137166516461210909540352.000000
263787711879420424121195132092416.000000
297666926210294422980581142822912.000000
335897371140575482715232551305216.000000
379037891026697265968680213151744.000000
427719104636396915753763712532480.000000
482652623397156710137407066865664.000000
544641453577788739057902661140480.000000
614591734459997829690143830704128.000000
693525984085968744145699817390080.000000
782598046205447485740404717912064.000000
883109956913544926196978086313984.000000
996530977532121493510874179043328.000000
1124519071953285979896315683799040.000000
1268945142396156904770014833278976.000000
1431920377849931105753430684073984.000000
1615827114976865180629117674979328.000000
1823353662593163850945771690000384.000000
2057533598784487587404335026274304.000000
2321790115092791629998482887016448.000000
2619986055988209897978350119419904.000000
2956480385092138091549317979439104.000000
3336191903562517409456576358514688.000000
3764671152062867835772544527368192.000000
4248181547362470624424167502512128.000000
4793790939604921759109939422298112.000000
5409474928609368425530144055099392.000000
6104233449459724098459650945449984.000000
6888222331604733462549037412515840.000000
7772901754571274492015439880650752.000000
8771203770384360499044918956654592.000000
9897721341500248951845334594617344.000000
11168921657568168948631090336104448.000000
12603386849238888816008846200799232.000000
14222085617722332299258836308459520.000000
16048679750716312733103072844185600.000000
18109870005289707917254821821808640.000000
20435786413761132073889359368028160.000000
23060428717979818442300628263763968.000000
26022163370181534096124780507824128.000000
29364284365470317227060893885399040.000000
33135646104053697554094321710399488.000000
37391377534274304528383814829867008.000000
42193688015625943037943371888852992.000000
47612776681685014928779602294734848.000000
53727858595827408490010252670926848.000000
60628322699852800611053160055701504.000000
68415038482158173968426336071450624.000000
77201830466052939243917730916597760.000000
87117142071965782084785750631514112.000000
98305913175520721299692263625981952.000000
110931698807218999333563328033193984.000000
125179059964419838242483572232421376.000000
141256261483990606429265099992596480.000000
159398316412544920273768372483653632.000000
179870421376212030753116899780853760.000000
202971833167428735808317838097121280.000000
229040243215858330112767354141147136.000000
258456713888505140725852692834942976.000000
291651248776789229246312683310940160.000000
329109078395829816845928835112239104.000000
371377753178927715835552849413013504.000000
419075147451101580831515896186929152.000000
472898491382029297021727023518711808.000000
533634562945523017777462451242008576.000000
602171188869393943413323038076174336.000000
679510222694096626407260515869917184.000000
766782189650603288965453684280393728.000000
865262812433155269478600672473513984.000000
976391659437058054533590731452317696.000000
1101793188057416105083136827702902784.000000
1243300490655184943664977341312925696.000000
1402982090303928790067391618044919808.000000
1583172178011697847602249891208757248.000000
1786504733419179195805638042721452032.000000
2015952027743093759255457826160508928.000000
2274868071792516446243338459744829440.000000
2567037644171803044027238624608124928.000000
2896731616353769964713434465989296128.000000
3268769383353048411559802447497003008.000000
3688589312597662729549791351210508288.000000
4162328240805170848979491639644913664.000000
4696911180931465460593628219579564032.000000
5300152550508961972280561917359030272.000000
5980870401108093649011881691737751552.000000
6749015318703588888941264171777916928.000000
7615815879183181807970218468435820544.000000
8593942785235814960313188855056433152.000000
9697694083936803589617637012581384192.000000
10943204172500472367622375761896275968.000000
12348679647401026749694809398013067264.000000
13934665444453009987428461506264563712.000000
15724345160229331308556932848084320256.000000
17743879944850250687635853787288043520.000000
20022790920004656536634916534025715712.000000
22594390712307329859765288763530412032.000000
25496270410053366896654836777760063488.000000
28770849061597859343188141810011602944.000000
32465993747809239327903111721204580352.000000
36635719292680826690274400385974140928.000000
41340977840318666279448698127814492160.000000
46650549840170943619647478714205208576.000000
52642049464727842483638720434968461312.000000
59403059156669935195287292430581235712.000000
67032409890029153064808483518725226496.000000
75641625859942854024705771765764194304.000000
85356554719162081416902971581723049984.000000
96319207191758458189400059992585797632.000000
108689832955103686924515581386234527744.000000
122649263134914626642393525862327648256.000000
138401553655448604383315434912543145984.000000
156176968084769170214320622252765216768.000000
176235343577667786247725225435016986624.000000
198869889118865294582918810781211426816.000000
224411471588389024830047667085283164160.000000
253233452301900118669392120778070163456.000000
285757144725468919929885028442875887616.000000
322457973144489903878641200449389068288.000000
363872422312823946892159122161319018496.000000
410605879670631363972565302474453286912.000000
463341484766736875607506714495402639360.000000
522850115244464414453787715741386014720.000000
590001655363916618688605092713309667328.000000
665777711781516661771396739791400730624.000000
751285962463320309320041873876864466944.000000
847776348481402109057600929808970153984.000000
956659345381486082968870213264823287808.000000
1079526581208711798037482483461702811648.000000
1218174102581366484519177772847597617152.000000
1374628628911006288843812629738072047616.000000
1551177178547464059317560475353828294656.000000
1750400499917309874565796420649295544320.000000
1975210796344897909571020688643871211520.000000
2228894296009257794286714757177625542656.000000
2515159289315230959860520888085981954048.000000
2838190335878728499147274868194541568000.000000
3202709433512071422554198661181984473088.000000
3614045043364384455359617478426372341760.000000
4078209980211570187293294159789387939840.000000
4601989306479256617362170598326410412032.000000
5193039514814471294216945001543774502912.000000
5860000449035393466069953633005615448064.000000
6612621599495347277344832862472758099968.000000
7461904619019304623681785784477973217280.000000
8420264142679954277471156923159883546624.000000
9501709262241959824123876941912663392256.000000
10722048308028498078908162428374081339392.000000
12099119931667015227624645234422624288768.000000
13653053867631664660788213433540483743744.000000
15406565185338153305021669628811740708864.000000
17385286333104305788818037414823985152000.000000
19618141827722998710367285537830583926784.000000
22137771066778407446648414101985879392256.000000
24981005444284374309292213682095226093568.000000
28189406744017813043654148626090299490304.000000
31809874680664230761009865638451907395584.000000
35895332469680157041152461765818414268416.000000
40505500447384017346964138389813432680448.000000
45707769049886341822022805307966309269504.000000
51578183911875977186376957271030720626688.000000
58202557485222904332745257032224119717888.000000
65677723426797311495050895226930605326336.000000
74112952091874211416810504151121373691904.000000
83631547824499377362969541429454044135424.000000
94372651393660759578240432776545774338048.000000
106493273922886771351190601806428921397248.000000
120170592044813411189497556800597080932352.000000
135604537830791819551768243699086830600192.000000
153020721354566228955736842713224294957056.000000
172673728611424535364529616630688470007808.000000
194850843001088496678128296079586762948608.000000
219876244774173811986156574242415516319744.000000
248115749828818129713601883254932899889152.000000
279982157128178964907753159276591442821120.000000
315941282906190802884170307382137921208320.000000
356518769868293680040608476965753870876672.000000
402307770922553214852188862690446387707904.000000
453977619760287075611864023159384722898944.000000
512283615030867874723300823807906916859904.000000
578078061133646108665186705583628896698368.000000
652322727018898966905382032735872959381504.000000
736102905117853436725115540108131241558016.000000
830643275912177671391938262058830768635904.000000
937325810047777269073997650511642927038464.000000
1057709969682114815788733528432078974091264.000000
1193555504363968558044035705668911715319808.000000
1346848174670860188822913644268674082668544.000000
1519828779626706105389704328841229148094464.000000
1715025912216190375872668016860563582746624.000000
1935292921808868952621131135500303846080512.000000
2183849623801708350824040649979448168284160.000000
2464329366182569932505527657446324714864640.000000
2780832141023461438240423655512171056463872.000000
3137984517275856546101509997694022657769472.000000
3541007270952681553230464548125971073466368.000000
3995791701300320242708267805128159173541888.000000
4508985748533885626734185288149797196267520.000000
5088091171986151921102761012910118227935232.000000
5741573209199255862167817984788797562290176.000000
6478984318932004096068823672199716817338368.000000
7311103816931235413649948611879433263906816.000000
8250095445632681538520585862858795640684544.000000
9309685181111042832934955998621159181516800.000000
10505361876422751847330757376039982932688896.000000
11854603674302292991217430337171617633796096.000000
13377133498863796779461898725396271868149760.000000
15095207361030224411772941611038350201847808.000000
17033939692076419453350507702173124375085056.000000
19221670460941178120651190622137053490446336.000000
21690379441749699406942289487490078648303616.000000
24476153687219214587396423596473501104472064.000000
27619715041372670811654369788729347960471552.000000
31167015402627036876444328677012263699218432.000000
35169908438682941682287443682485484140888064.000000
39686907572198346590974795596824884633665536.000000
44784041317316495168215281967174202280640512.000000
50535818470172006697996912529323991899308032.000000
57026317262320901542043632230943530963435520.000000
64350414398103071221893481789063990654009344.000000
72615171941738994371730424964695122465783808.000000
81941402327375760063376275869110680229511168.000000
92465434369059809773326762413226427980709888.000000
104341106085787482731601979548425005050101760.000000
117742013472317820281220515960944905404022784.000000
132864048087791961540807217742050373364875264.000000
149928260556079560156756412047128632359911424.000000
169184091835879311691087830193254842903822336.000000
190913019494579735365258595696530240365920256.000000
215432672286320701116918704396690563031629824.000000
243101473180266430511191836843748248187305984.000000
274323878709869917496777966471557127182745600.000000
309556291230801446166890135242951430422659072.000000
349313730511645314093129326158390363814887424.000000
394177362181231302788282115274084564439400448.000000
444802993081812898874039042881079586114764800.000000
501930657711321774968331604679430066696880128.000000
566395435887234514603812624316251435584978944.000000
639139659762317385199476083283549757200400384.000000
721226688631757283540845154049981479915618304.000000
813856452888824381531564819295547457584234496.000000
918382994347241915049506420831632962992734208.000000
1036334259330891507844786854844004620558139392.000000
1169434433861947987473822388024192828245540864.000000
1319629147438385072018117532859697475526590464.000000
1489113913824205162559028361344686183583580160.000000
1680366224593700364641160808925982311200063488.000000
1896181764566216771541521875596186690256896000.000000
2139715278520797545705549830289816581992087552.000000
2414526686571482266301481671601082576169598976.000000
2724633122307817896685036146736895987938230272.000000
3074567654382837303674398260729730483447922688.000000
3469445549927960462475617294814530848719634432.000000
3915039048419035484654285359401671022633549824.000000
4417861739021695974399208138108554596231151616.000000
4985263774825777876103602534984303525593350144.000000
5625539315789828498856372875260258476955271168.000000
6348047770973372677528335234856547759115206656.000000
7163350612349634627117686722895635010784591872.000000
8083365760113326619417150723448018681940934656.000000
9121541796254505196288375135344792753036853248.000000
10293054553014731323308259844814336539867742208.000000
11615028949912975446375098913553413047328964608.000000
13106789322106827982266409794715338546331254784.000000
14790141899334709756636226754059784252915974144.000000
16689693564655072738719476262072502916634116096.000000
18833211552528677933500346811411057071714467840.000000
21252029344232609202465315668108772192227950592.000000
23981504693897117833608391307407807079067418624.000000
27061536480490690516893339534559400765497016320.000000
30537147940983580370785606769701364037020811264.000000
34459144810265741579041709096168175572996849664.000000
38884857988365823925337754522356723808789856256.000000
43878981591119675348746859807405412726373089280.000000
49514518634731281102649347485911199848675147776.000000
55873848178038144682643347546378885259226775552.000000
63049929521735299134033062245628147981933871104.000000
71147661067281268016062243696337887061858058240.000000
80285413698990769190366361516518962294455009280.000000
90596761103961401489351818668092451776830111744.000000
102232432323275548254733849286174082242210430976.000000
115362515076448082144616424560411303603345555456.000000
130178942066838884590457830363979957767478706176.000000
146898296612303399993953579754380748002376548352.000000
165764978613182427645674718857071749056799178752.000000
187054777137064666671558290237821585824422035456.000000
211078901843591276486471149034750373060004544512.000000
238188532179796663233771905966776861622320234496.000000
268779950845137356382543173253996726972015706112.000000
303300336566086500424994832683206228594911084544.000000
342254300857818678512765914347252552545190543360.000000
386211264325949436169581248314561210639697575936.000000
435813780333509854421268984779876677662095179776.000000
491786927706715205045750918208297213892805787648.000000
554948909780064787895956651294793240780755435520.000000
626223014715316273567128397416597627077648187392.000000
706651111927684886293936553161404336785988780032.000000
797408881907099370526371960230735473709848461312.000000
899823002060741278291074668987384624599044980736.000000
1015390539795787253016098494148454519527958380544.000000
1145800836326234329639228917692469481974634905600.000000
1292960201096552426603190990120206860898489335808.000000
1459019777799895849544002905870345816647447609344.000000
1646406989330287101558955718470705857026230059008.000000
1857861021324267326282376403367530999648920535040.000000
2096472862982733793298440308026721824694056517632.000000
2365730490481015627439689887097213772506584842240.000000
2669569853448487812964474476338379720757262417920.000000
3012432409827017657090417753342880444336117383168.000000
3399330050140350550681858593301832016147863568384.000000
3835918360223306041253305315920761421900386664448.000000
4328579293349505476518704595474467618062384234496.000000
4884514460240848265363683169624011171597584957440.000000
5511850400651890953821023930852664493264177463296.000000
6219757375366310025526461479926175019715883171840.000000
7018583415081125278987054125658607438221623164928.000000
7920005585676185104696919474891091329363478577152.000000
8937200681031860507979183519783777112410053148672.000000
10085037838545542012450791974585114552748606488576.000000
11380295892958784284762469492790377025080068669440.000000
12841908645726273390713347823717396549393736269824.000000
14491241635221024780714911473054604789705301032960.000000
16352404453542738889943758346991270620024839077888.000000
18452603175308649995373823223381533535833719570432.000000
20822538050154581175854977587422586523068110209024.000000
23496852272328939066640530688232282817051672707072.000000
26514638387396354529905888050937171799868522364928.000000
29920009738594240116052887861681196423616246317056.000000
33762745306121469452511060618665911613778955337728.000000
38099017365479813376785997521274577570766574845952.000000
42992212601620313079491531740743083473977808519168.000000
48513858681762961648168007302400803738370667708416.000000
54744669831330417840783571896075539966273769177088.000000
61775726696998135345641095882890793789864772894720.000000
69709807743843055971481752457380844144320657227776.000000
78662891648665881093221584175439971239208056520704.000000
88765852651146847388334655499862455434401307164672.000000
100166373645110587082710509546368752503556912709632.000000
113031104975053414322491783574274726829742488551424.000000
127548100494753012936821919398319456765851943829504.000000
143929566497736758558478388100947863039164287025152.000000
162414963702878645819247978584628013819571994624000.000000
183274507639277734647906767398906933449686379397120.000000
206813118598285455390596385299061725964059921088512.000000
233374878892224378692319637187328179419545243484160.000000
263348062575039722388840657573366370574326432792576.000000
297170811148250492875492827546646767814726819774464.000000
335337538218438667323763930672722546885136834625536.000000
378406156728171774610370934454465629623973148884992.000000
427006234406453590380126549790654600282521716391936.000000
481848196653309494691293445024347305402282859823104.000000
543733711384278976887238129528632765273141145501696.000000
613567407638220127022371522249912446323518651498496.000000
692370099248494967056318295034768411877474721333248.000000
781293706878294896550876979501896237826750403313664.000000
881638096547182507276548757112467505595490739683328.000000
994870080790782447892150153926412372394560305758208.000000
1122644860208452597732843989147117064902306103820288.000000
1266830218826833173499637974119805946341976749113344.000000
1429533826961851468593216226358813630183981117865984.000000
1613134050686501616482872123454691938162811523301376.000000
1820314718270520060640462738855693998019439660892160.000000
2054104351800234510017379722740766548233006696366080.000000
2317920437457901896604554682760345211112943507210240.000000
