1.000000
0.363803
0.203372
0.158441
0.132596
0.115145
0.104186
0.096062
0.089070
0.082931
0.077481
0.072500
0.067894
0.063634
0.059679
0.055989
0.052542
0.049319
0.046302
0.043475
0.040825
0.038340
0.036009
0.033821
0.031767
0.029839
0.028029
0.026329
0.024732
0.023233
0.021825
0.020502
0.019260
0.018093
0.016997
0.015967
0.015000
0.014092
0.013238
0.012436
0.011683
0.010975
0.010311
0.009686
0.009100
0.008549
0.008031
0.007544
0.007088
0.006658
0.006255
0.005876
0.005520
0.005186
0.004872
0.004577
0.004300
0.004039
0.003795
0.003565
0.003349
0.003146
0.002956
0.002777
0.002608
0.002451
0.002302
0.002163
0.002032
0.001909
0.001793
0.001684
0.001582
0.001487
0.001397
0.001312
0.001233
0.001158
0.001088
0.001022
